Li2O,B2O3,Na2O,MgO,Al2O3,SiO2,P2O5,K2O,CaO,TiO2,ZnO,Y2O3,ZrO2,Density293K
6.250000975,0,6.250000975,0,12.50000033,74.99999772,0,0,0,0,0,0,0,2.351999998
8.329999836,0,8.329999836,0,16.66999904,66.67000129,0,0,0,0,0,0,0,2.400000095
12.50000249,0,12.50000249,0,24.99999834,49.99999667,0,0,0,0,0,0,0,2.46600008
16.49834955,0,0,0,16.838325,66.66332545,0,0,0,0,0,0,0,2.380000114
5.000498998,0,4.960496831,0,10.80107992,79.23792425,0,0,0,0,0,0,0,2.316999912
0,0,0,7.810000524,17.06000077,66.69999893,0,0,8.429999777,0,0,0,0,2.522000074
0,0,0,9.529998508,15.44999868,67.82000243,0,0,7.20000038,0,0,0,0,2.492000103
0,0,0,7.100001318,13.57000044,73.55999679,0,0,5.770001453,0,0,0,0,2.446000099
5.590000083,93.19999963,0,1.210000288,0,0,0,0,0,0,0,0,0,1.911999941
5.5200012,92.3099984,0,2.1700004,0,0,0,0,0,0,0,0,0,1.927000046
5.500001507,90.48999763,0,4.010000859,0,0,0,0,0,0,0,0,0,1.949000001
5.459998593,88.75000112,0,5.790000286,0,0,0,0,0,0,0,0,0,1.985000014
5.0500012,87.99000027,0,6.959998531,0,0,0,0,0,0,0,0,0,2.08100009
5.309999066,85.41000153,0,9.2799994,0,0,0,0,0,0,0,0,0,2.132999897
5.150000882,84.11999741,0,10.73000171,0,0,0,0,0,0,0,0,0,2.144000053
5.219477273,82.36176631,0,12.41875642,0,0,0,0,0,0,0,0,0,2.160000086
5.15999911,80.90000371,0,13.93999718,0,0,0,0,0,0,0,0,0,2.180000067
4.930000144,79.77000143,0,15.29999842,0,0,0,0,0,0,0,0,0,2.190999985
9.579998589,89.30000134,0,1.12000007,0,0,0,0,0,0,0,0,0,1.927999973
9.510950725,87.28872882,0,3.200320457,0,0,0,0,0,0,0,0,0,1.983999968
9.690001781,85.54999911,0,4.759999108,0,0,0,0,0,0,0,0,0,2.049999952
10.59105881,83.08830876,0,6.320632434,0,0,0,0,0,0,0,0,0,2.131999969
10.16999971,82.94000032,0,6.889999974,0,0,0,0,0,0,0,0,0,2.155999899
10.21897664,80.78192322,0,8.999100141,0,0,0,0,0,0,0,0,0,2.160000086
10.39999975,78.99999928,0,10.60000096,0,0,0,0,0,0,0,0,0,2.184999943
10.22000172,77.39999641,0,12.38000186,0,0,0,0,0,0,0,0,0,2.207000017
10.01000219,76.05999388,0,13.93000392,0,0,0,0,0,0,0,0,0,2.230000019
10.14999774,75.12000521,0,14.72999705,0,0,0,0,0,0,0,0,0,2.243000031
15.58999995,82.82999979,0,1.580000265,0,0,0,0,0,0,0,0,0,2.065999985
15.65843473,81.42185734,0,2.919707928,0,0,0,0,0,0,0,0,0,2.132999897
15.40845849,80.19198186,0,4.399559644,0,0,0,0,0,0,0,0,0,2.161000013
15.23000142,78.8499997,0,5.91999888,0,0,0,0,0,0,0,0,0,2.167999983
14.55854535,77.56223999,0,7.879214665,0,0,0,0,0,0,0,0,0,2.181999922
14.55999873,76.41000337,0,9.029997905,0,0,0,0,0,0,0,0,0,2.200999975
14.77000149,74.80999899,0,10.41999952,0,0,0,0,0,0,0,0,0,2.234999895
14.93000093,73.24999672,0,11.82000235,0,0,0,0,0,0,0,0,0,2.247999907
14.64000192,72.69999817,0,12.65999992,0,0,0,0,0,0,0,0,0,2.352999926
14.64999957,70.95000007,0,14.40000036,0,0,0,0,0,0,0,0,0,2.36500001
20.02999819,78.4200017,0,1.550000113,0,0,0,0,0,0,0,0,0,2.14199996
19.96000094,76.94999872,0,3.090000339,0,0,0,0,0,0,0,0,0,2.171000004
19.63999884,76.08000062,0,4.280000533,0,0,0,0,0,0,0,0,0,2.183000088
19.85000023,74.17999958,0,5.970000188,0,0,0,0,0,0,0,0,0,2.20600009
19.75999934,72.75999899,0,7.480001663,0,0,0,0,0,0,0,0,0,2.259000063
19.46999751,71.65000139,0,8.8800011,0,0,0,0,0,0,0,0,0,2.269000053
19.57195434,70.19702382,0,10.23102184,0,0,0,0,0,0,0,0,0,2.339999914
19.52000244,68.84999842,0,11.62999914,0,0,0,0,0,0,0,0,0,2.365999937
19.59000098,67.4699969,0,12.94000213,0,0,0,0,0,0,0,0,0,2.368999958
19.92199446,66.00659829,0,14.07140725,0,0,0,0,0,0,0,0,0,2.38499999
0,0.200040011,14.01279862,5.611121919,0.700139967,72.84457358,0,0.590117997,6.041207907,0,0,0,0,2.470000029
0,0,14.28857267,0,14.2785728,42.85571233,0,0,14.2885711,14.2885711,0,0,0,2.772000074
0,0,12.5,0,12.5,50,0,0,12.5,12.5,0,0,0,2.707999945
0,0,11.12000232,0,11.11000138,55.54999664,0,0,11.10999983,11.10999983,0,0,0,2.635999918
0,0,10.00000012,0,10.00000012,60.0000026,0,0,9.999998574,9.999998574,0,0,0,2.60800004
0,0,9.09000076,0,9.09000076,63.63999696,0,0,9.09000076,9.09000076,0,0,0,2.565000057
0,0,12.50000057,0,12.50000057,74.99999886,0,0,0,0,0,0,0,2.390000105
0,0,9.979003546,0,9.979003546,66.59333456,0,0,6.719328006,6.729330345,0,0,0,2.503999949
0,0,9.210000144,0,9.210000144,64.00999841,0,0,8.780001667,8.789999633,0,0,0,2.552999973
0,0,8.459998939,0,8.459998939,61.54000428,0,0,10.76999892,10.76999892,0,0,0,2.588000059
0,0,7.750776417,0,7.740774771,59.15591329,0,0,12.68126715,12.67126838,0,0,0,2.634000063
0,0,6.40064026,0,6.3906374,54.64546659,0,0,16.28162787,16.28162787,0,0,0,2.717999935
0,0,5.139486681,0,5.139486681,50.46495677,0,0,19.62803494,19.62803494,0,0,0,2.812000036
0,0,3.990399449,0,4.000399981,46.22461657,0,0,22.88229118,22.90229282,0,0,0,2.898000002
0,0,2.87971183,0,2.87971183,42.92571306,0,0,25.65743164,25.65743164,0,0,0,2.983999968
0,0,1.859814823,0,1.859814823,39.51605703,0,0,28.37715961,28.38715372,0,0,0,3.076999903
0,0,0.90000006,0,0.90000006,36.33000851,0,0,30.9299984,30.93999296,0,0,0,3.167999983
0,0,0,0,0,33.33000858,0,0,33.33000858,33.33998284,0,0,0,3.25999999
0,0,14.28857267,0,14.2785728,42.85571233,0,0,14.2885711,14.2885711,0,0,0,2.772000074
0,0,12.5,0,12.5,50,0,0,12.5,12.5,0,0,0,2.707999945
0,0,11.12000232,0,11.11000138,55.54999664,0,0,11.10999983,11.10999983,0,0,0,2.635999918
0,0,10.00000012,0,10.00000012,60.0000026,0,0,9.999998574,9.999998574,0,0,0,2.60800004
0,0,9.09000076,0,9.09000076,63.63999696,0,0,9.09000076,9.09000076,0,0,0,2.565000057
0,0,16.66833129,0,0,66.66333457,0,0,0,16.66833414,0,0,0,2.630000114
0,0,25.00000146,0,0,50.00000292,0,0,0,24.99999561,0,0,0,2.79399991
0,0,33.33333343,0,0,33.33333328,0,0,0,33.33333328,0,0,0,2.878999949
0,0,25.0000057,0,0,62.4999928,0,0,0,12.5000015,0,0,0,2.631000042
0,0,21.99999628,0,4.499999347,62.50000632,0,0,0,10.99999806,0,0,0,2.585999966
0,0,19.99999622,0,7.500000866,62.50000323,0,0,0,9.999999685,0,0,0,2.551000118
0,0,17.99999269,0,10.49999917,62.50000931,0,0,0,8.999998832,0,0,0,2.507999897
0,0,16.00000005,0,13.50000028,62.50000055,0,0,0,7.999999124,0,0,0,2.470999956
0,0,15.00000185,0,15.00000185,62.4999962,0,0,0,7.500000099,0,0,0,2.45600009
0,0,14.19999873,0,16.19999958,62.5000015,0,0,0,7.100000195,0,0,0,2.457999945
0,0,13.59999873,0,17.09999351,62.50000748,0,0,0,6.800000282,0,0,0,2.470000029
0,0,12.99999829,0,18.0000053,62.49999601,0,0,0,6.500000405,0,0,0,2.46600008
0,0,11.00000054,0,20.99999981,62.49999947,0,0,0,5.500000186,0,0,0,2.487999916
0,0,0,0,37.4999955,62.5000045,0,0,0,0,0,0,0,2.589999914
0,0,25.0000036,0,0,59.99999712,0,0,0,14.99999928,0,0,0,2.690999985
4.99999979,0,19.99999631,0,0,60.00000318,0,0,0,15.00000072,0,0,0,2.670000076
12.49999966,0,12.49999966,0,0,60.00000048,0,0,0,15.00000019,0,0,0,2.65199995
19.99999631,0,4.99999979,0,0,60.00000318,0,0,0,15.00000072,0,0,0,2.621000051
0,0,0,0,15.99999879,60.0000022,0,15.99999879,8.000000207,0,0,0,0,2.492000103
0,0,3.200000381,0,15.9999985,60.00000107,0,12.7999999,8.000000143,0,0,0,0,2.499000072
0,0,6.399999173,0,15.99999874,60.00000201,0,9.599999894,8.000000181,0,0,0,0,2.50999999
0,0,9.599999894,0,15.99999874,60.00000201,0,6.399999173,8.000000181,0,0,0,0,2.513000011
0,0,15.99999879,0,15.99999879,60.0000022,0,0,8.000000207,0,0,0,0,2.51699996
22.99999422,0,0,0,0,69.50000613,0,7.499999648,0,0,0,0,0,2.367000103
0,0,22.99999422,0,0,69.50000613,0,7.499999648,0,0,0,0,0,2.476999998
0,12.99999854,6.999998334,0,0,80.00000313,0,0,0,0,0,0,0,2.319999933
0,12.99999827,6.000000153,0,0,80.0000015,0,1.00000008,0,0,0,0,0,2.319999933
0,12.99999829,5.000000081,0,0,80.00000163,0,2,0,0,0,0,0,2.329999924
0,12.99999829,4,0,0,80.00000163,0,3.000000081,0,0,0,0,0,2.329999924
0,12.99999829,3.000000081,0,0,80.00000163,0,4,0,0,0,0,0,2.329999924
0,12.99999829,2,0,0,80.00000163,0,5.000000081,0,0,0,0,0,2.329999924
0,12.99999827,1.00000008,0,0,80.0000015,0,6.000000153,0,0,0,0,0,2.329999924
0,12.99999854,0,0,0,80.00000313,0,6.999998334,0,0,0,0,0,2.329999924
0,13.00000004,8.999999423,0,0,78.00000054,0,0,0,0,0,0,0,2.349999905
0,12.99999977,8.000001161,0,0,77.99999893,0,1.000000145,0,0,0,0,0,2.359999895
0,13.00000004,6.999999117,0,0,78.00000054,0,2.000000306,0,0,0,0,0,2.369999886
0,12.99999977,6.00000087,0,0,77.99999893,0,3.000000435,0,0,0,0,0,2.380000114
0,12.99999977,5.000000725,0,0,77.99999893,0,4.00000058,0,0,0,0,0,2.380000114
0,12.99999977,4.00000058,0,0,77.99999893,0,5.000000725,0,0,0,0,0,2.380000114
0,12.99999977,3.000000435,0,0,77.99999893,0,6.00000087,0,0,0,0,0,2.380000114
0,13.00000004,2.000000306,0,0,78.00000054,0,6.999999117,0,0,0,0,0,2.380000114
0,12.99999977,1.000000145,0,0,77.99999893,0,8.000001161,0,0,0,0,0,2.380000114
0,13.00000004,0,0,0,78.00000054,0,8.999999423,0,0,0,0,0,2.380000114
0,13.00000154,11.00000101,0,0,75.99999745,0,0,0,0,0,0,0,2.410000086
0,13.00000154,9.000000487,0,0,75.99999745,0,2.000000525,0,0,0,0,0,2.420000076
0,13.00000154,6.999999963,0,0,75.99999745,0,4.00000105,0,0,0,0,0,2.430000067
0,13.00000143,5.00000119,0,0,75.99999585,0,6.000001526,0,0,0,0,0,2.430000067
0,13.00000143,3.000000681,0,0,75.99999585,0,8.000002034,0,0,0,0,0,2.430000067
0,13.00000154,0,0,0,75.99999745,0,11.00000101,0,0,0,0,0,2.420000076
0,12.99999832,12.99999832,0,0,74.00000336,0,0,0,0,0,0,0,2.440000057
0,12.99999834,11.99999787,0,0,74.0000038,0,0.999999985,0,0,0,0,0,2.440000057
0,12.99999834,10.99999821,0,0,74.00000348,0,1.999999971,0,0,0,0,0,2.450000048
0,12.99999814,9.999998517,0,0,74.00000324,0,3.000000109,0,0,0,0,0,2.450000048
0,12.99999832,8.999998223,0,0,74.00000336,0,4.000000098,0,0,0,0,0,2.450000048
0,12.99999807,7.99999998,0,0,74.0000019,0,5.000000049,0,0,0,0,0,2.450000048
0,12.99999834,6.000000075,0,0,74.00000348,0,6.999998104,0,0,0,0,0,2.450000048
0,12.99999814,3.000000109,0,0,74.00000324,0,9.999998517,0,0,0,0,0,2.460000038
0,12.99999834,1.999999971,0,0,74.00000348,0,10.99999821,0,0,0,0,0,2.460000038
0,12.99999832,0,0,0,74.00000336,0,12.99999832,0,0,0,0,0,2.460000038
0,40.00000148,9.000001288,0,0,50.99999723,0,0,0,0,0,0,0,2.130000114
0,40.00000163,6.500001493,0,0,50.99999742,0,2.499999449,0,0,0,0,0,2.119999886
0,40.00000163,4.000000334,0,0,50.99999742,0,5.000000608,0,0,0,0,0,2.130000114
0,40.0000008,2.000000904,0,0,50.99999646,0,7.000001835,0,0,0,0,0,2.130000114
0,40.00000148,0,0,0,50.99999723,0,9.000001288,0,0,0,0,0,2.130000114
0,39.99999232,10.99999967,0,0,49.00000801,0,0,0,0,0,0,0,2.200000048
0,39.99999331,8.499998731,0,0,49.00000914,0,2.499998822,0,0,0,0,0,2.200000048
0,39.99999232,6.000000198,0,0,49.00000801,0,4.999999468,0,0,0,0,0,2.210000038
0,39.99999232,3.999999308,0,0,49.00000801,0,7.000000357,0,0,0,0,0,2.210000038
0,39.99999236,2.000000521,0,0,49.00000791,0,8.999999208,0,0,0,0,0,2.200000048
0,39.99999232,0,0,0,49.00000801,0,10.99999967,0,0,0,0,0,2.190000057
0,39.99999996,13.00000067,0,0,46.99999937,0,0,0,0,0,0,0,2.25999999
0,39.99999935,11.00000145,0,0,46.99999834,0,2.000000851,0,0,0,0,0,2.25999999
0,39.99999985,9.000001049,0,0,46.99999908,0,4.000000023,0,0,0,0,0,2.25999999
0,39.99999909,7.000001446,0,0,46.99999825,0,6.000001212,0,0,0,0,0,2.25999999
0,39.99999996,5.000000447,0,0,46.99999937,0,8.00000022,0,0,0,0,0,2.25
0,39.99999935,2.000000851,0,0,46.99999834,0,11.00000145,0,0,0,0,0,2.24000001
0,39.99999996,0,0,0,46.99999937,0,13.00000067,0,0,0,0,0,2.24000001
0,39.99999639,17.00000048,0,0,43.00000313,0,0,0,0,0,0,0,2.319999933
0,39.99999612,12.00000127,0,0,43.00000266,0,4.999999943,0,0,0,0,0,2.319999933
0,39.99999707,8.499999547,0,0,43.00000383,0,8.499999547,0,0,0,0,0,2.309999943
0,39.99999605,6.000000718,0,0,43.00000258,0,11.00000065,0,0,0,0,0,2.309999943
0,39.99999681,3.999999757,0,0,43.00000375,0,12.99999968,0,0,0,0,0,2.309999943
0,39.99999612,2.000000813,0,0,43.00000304,0,15.00000002,0,0,0,0,0,2.299999952
0,39.99999639,0,0,0,43.00000313,0,17.00000048,0,0,0,0,0,2.299999952
0,39.99999358,25.00000812,0,0,34.9999983,0,0,0,0,0,0,0,2.450000048
0,39.99999384,20.00000775,0,0,34.99999875,0,4.999999658,0,0,0,0,0,2.450000048
0,39.99999749,15.00000039,0,0,35.0000018,0,10.00000032,0,0,0,0,0,2.450000048
0,39.99999749,10.00000032,0,0,35.0000018,0,15.00000039,0,0,0,0,0,2.440000057
0,39.99999772,7.499999287,0,0,35.000002,0,17.500001,0,0,0,0,0,2.440000057
0,39.99999384,4.999999658,0,0,34.99999875,0,20.00000775,0,0,0,0,0,2.430000067
0,40.00000163,2.499999496,0,0,35.00000549,0,22.49999338,0,0,0,0,0,2.420000076
0,40.00000163,2.499999496,0,0,35.00000549,0,22.49999338,0,0,0,0,0,2.420000076
0,39.99999358,0,0,0,34.9999983,0,25.00000812,0,0,0,0,0,2.420000076
0,39.9999943,33.30000556,0,0,26.70000014,0,0,0,0,0,0,0,2.480000019
0,39.9999932,25.00000803,0,0,26.69999941,0,8.299999369,0,0,0,0,0,2.470000029
0,39.99999821,20.99999891,0,0,26.70000288,0,12.3,0,0,0,0,0,2.470000029
0,39.99999719,16.60000048,0,0,26.70000219,0,16.70000014,0,0,0,0,0,2.460000038
0,39.99999567,9.999999772,0,0,26.70000131,0,23.30000325,0,0,0,0,0,2.450000048
0,39.99999905,4,0,0,26.70000356,0,29.29999739,0,0,0,0,0,2.450000048
0,39.9999943,0,0,0,26.70000014,0,33.30000556,0,0,0,0,0,2.450000048
0,20.00000823,4.999999209,0,0,74.99999256,0,0,0,0,0,0,0,2.170000076
0,20.00000456,6.999999062,0,0,72.99999638,0,0,0,0,0,0,0,2.220000029
0,20.00000785,8.999998842,0,0,70.9999933,0,0,0,0,0,0,0,2.269999981
0,20.00000411,10.99999797,0,0,68.99999792,0,0,0,0,0,0,0,2.319999933
0,20.00000411,8.499998455,0,0,68.99999826,0,2.499999176,0,0,0,0,0,2.309999943
0,20.00000411,5.999999449,0,0,68.99999826,0,4.999998181,0,0,0,0,0,2.309999943
0,20.00000415,3.99999896,0,0,68.99999803,0,6.999998859,0,0,0,0,0,2.309999943
0,20.00000411,2.000000326,0,0,68.99999826,0,8.999997304,0,0,0,0,0,2.309999943
0,20.00000411,0,0,0,68.99999792,0,10.99999797,0,0,0,0,0,2.299999952
0,20.0000083,13.00000059,0,0,66.99999111,0,0,0,0,0,0,0,2.380000114
0,20.0000083,8.000001278,0,0,66.99999111,0,4.999999311,0,0,0,0,0,2.380000114
0,20.00000823,6.000000513,0,0,66.99999089,0,7.000000372,0,0,0,0,0,2.369999886
0,20.0000086,3.999999986,0,0,66.99999225,0,8.999999162,0,0,0,0,0,2.359999895
0,20.00000823,2.000000738,0,0,66.99999089,0,11.00000015,0,0,0,0,0,2.359999895
0,20.0000083,0,0,0,66.99999111,0,13.00000059,0,0,0,0,0,2.349999905
0,20.00000483,14.99999754,0,0,64.99999763,0,0,0,0,0,0,0,2.390000105
0,20.0000051,9.99999847,0,0,64.99999796,0,4.99999847,0,0,0,0,0,2.390000105
0,20.00000456,7.499999414,0,0,64.99999662,0,7.499999414,0,0,0,0,0,2.390000105
0,20.0000051,4.99999847,0,0,64.99999796,0,9.99999847,0,0,0,0,0,2.390000105
0,20.0000049,2.499999146,0,0,64.99999785,0,12.49999811,0,0,0,0,0,2.380000114
0,20.00000483,0,0,0,64.99999763,0,14.99999754,0,0,0,0,0,2.380000114
0,20.00000772,17.00000006,0,0,62.99999222,0,0,0,0,0,0,0,2.420000076
0,20.00000772,12.00000089,0,0,62.99999222,0,4.999999167,0,0,0,0,0,2.420000076
0,20.00000775,8.499999958,0,0,62.99999233,0,8.499999958,0,0,0,0,0,2.410000086
0,20.00000768,6.00000052,0,0,62.99999178,0,11.00000002,0,0,0,0,0,2.410000086
0,20.00000772,3.999999844,0,0,62.99999222,0,13.00000021,0,0,0,0,0,2.410000086
0,20.00000772,2.000000687,0,0,62.99999188,0,14.99999971,0,0,0,0,0,2.400000095
0,20.00000772,0,0,0,62.99999222,0,17.00000006,0,0,0,0,0,2.400000095
0,20.00000357,20.00000357,0,0,59.99999286,0,0,0,0,0,0,0,2.450000048
0,20.00000442,17.50000081,0,0,59.99999558,0,2.499999193,0,0,0,0,0,2.460000038
0,20.00000534,14.99999801,0,0,59.99999816,0,4.999998487,0,0,0,0,0,2.460000038
0,20.00000496,12.49999813,0,0,59.99999721,0,7.499999694,0,0,0,0,0,2.460000038
0,20.00000524,9.999998453,0,0,59.99999786,0,9.999998453,0,0,0,0,0,2.450000048
0,20.00000496,7.499999694,0,0,59.99999721,0,12.49999813,0,0,0,0,0,2.450000048
0,20.00000534,4.999998487,0,0,59.99999816,0,14.99999801,0,0,0,0,0,2.440000057
0,20.0000067,2.000000602,0,0,60.00000241,0,17.99999029,0,0,0,0,0,2.440000057
0,20.00000357,0,0,0,59.99999286,0,20.00000357,0,0,0,0,0,2.440000057
0,20.00000741,24.99999601,0,0,54.99999658,0,0,0,0,0,0,0,2.49000001
0,20.00000534,20.00000534,0,0,54.99999075,0,4.999998572,0,0,0,0,0,2.49000001
0,20.0000068,14.99999907,0,0,54.99999482,0,9.99999932,0,0,0,0,0,2.480000019
0,20.0000068,9.99999932,0,0,54.99999482,0,14.99999907,0,0,0,0,0,2.480000019
0,20.00000592,7.499999987,0,0,54.99999209,0,17.50000201,0,0,0,0,0,2.470000029
0,20.00000534,4.999998572,0,0,54.99999075,0,20.00000534,0,0,0,0,0,2.470000029
0,20.00000833,2.499999617,0,0,54.99999907,0,22.49999299,0,0,0,0,0,2.460000038
0,20.00000741,0,0,0,54.99999658,0,24.99999601,0,0,0,0,0,2.460000038
0,20.00001108,33.29999678,0,0,46.69999213,0,0,0,0,0,0,0,2.5
0,20.00001017,28.99999863,0,0,46.69999016,0,4.300001042,0,0,0,0,0,2.50999999
0,20.00001,24.99999915,0,0,46.69999016,0,8.300000696,0,0,0,0,0,2.50999999
0,20.00000989,20.99999956,0,0,46.69998958,0,12.30000097,0,0,0,0,0,2.5
0,20.00000904,16.60000068,0,0,46.69998777,0,16.70000251,0,0,0,0,0,2.5
0,20.00000955,12.00000203,0,0,46.69998884,0,21.29999958,0,0,0,0,0,2.5
0,20.00001,8.000002026,0,0,46.69999016,0,25.29999782,0,0,0,0,0,2.49000001
0,20.00001054,4.000000374,0,0,46.69999097,0,29.29999811,0,0,0,0,0,2.49000001
0,20.00001108,0,0,0,46.69999213,0,33.29999678,0,0,0,0,0,2.49000001
0,60.0000021,8.499999386,0,0,28.99999907,0,2.499999449,0,0,0,0,0,2.119999886
0,60.0000021,5.999999937,0,0,28.99999907,0,4.999998898,0,0,0,0,0,2.119999886
0,60.00000202,4.000000176,0,0,28.99999871,0,6.999999101,0,0,0,0,0,2.119999886
0,60.00000189,1.999999979,0,0,28.99999865,0,8.999999486,0,0,0,0,0,2.119999886
0,60.0000021,0,0,0,28.99999907,0,10.99999883,0,0,0,0,0,2.109999895
0,60.00000231,12.9999993,0,0,26.99999839,0,0,0,0,0,0,0,2.150000095
0,60.00000231,10.99999886,0,0,26.99999881,0,2.000000021,0,0,0,0,0,2.140000105
0,60.00000197,8.999999446,0,0,26.99999834,0,4.000000244,0,0,0,0,0,2.140000105
0,60.00000231,6.999999234,0,0,26.99999839,0,6.000000063,0,0,0,0,0,2.140000105
0,60.00000244,4.999998803,0,0,26.99999845,0,8.000000311,0,0,0,0,0,2.140000105
0,60.00000231,2.000000021,0,0,26.99999881,0,10.99999886,0,0,0,0,0,2.140000105
0,60.00000231,0,0,0,26.99999839,0,12.9999993,0,0,0,0,0,2.140000105
0,60.0000005,16.99999832,0,0,23.00000118,0,0,0,0,0,0,0,2.210000038
0,60.0000005,11.99999964,0,0,23.00000118,0,4.999998677,0,0,0,0,0,2.200000048
0,60.0000005,8.499999158,0,0,23.00000118,0,8.499999158,0,0,0,0,0,2.200000048
0,60.00000038,5.999999912,0,0,23.00000113,0,10.99999858,0,0,0,0,0,2.200000048
0,60.00000004,4.000000143,0,0,23.00000108,0,12.99999873,0,0,0,0,0,2.200000048
0,59.99999992,1.999999962,0,0,23.00000104,0,14.99999909,0,0,0,0,0,2.200000048
0,60.0000005,0,0,0,23.00000118,0,16.99999832,0,0,0,0,0,2.190000057
0,60.00000214,24.99999627,0,0,15.00000159,0,0,0,0,0,0,0,2.299999952
0,60.00000088,19.99999903,0,0,15.00000143,0,4.999998656,0,0,0,0,0,2.299999952
0,59.99999983,14.99999896,0,0,15.00000085,0,10.00000036,0,0,0,0,0,2.289999962
0,59.99999983,10.00000036,0,0,15.00000085,0,14.99999896,0,0,0,0,0,2.279999971
0,60.00000021,7.500000472,0,0,15.00000094,0,17.49999837,0,0,0,0,0,2.279999971
0,60.00000088,4.999998656,0,0,15.00000143,0,19.99999903,0,0,0,0,0,2.279999971
0,59.99999559,2.499999213,0,0,14.9999999,0,22.5000053,0,0,0,0,0,2.269999981
0,60.00000214,0,0,0,15.00000159,0,24.99999627,0,0,0,0,0,2.269999981
0,60.00000273,8.99999959,0,0,30.99999768,0,0,0,0,0,0,0,2.089999914
0,60.00000298,6.499999697,0,0,30.99999781,0,2.499999512,0,0,0,0,0,2.089999914
0,60.00000298,4.000000185,0,0,30.99999781,0,4.999999023,0,0,0,0,0,2.079999924
0,60.00000286,2.000000193,0,0,30.99999774,0,6.999999206,0,0,0,0,0,2.079999924
0,60.00000273,0,0,0,30.99999768,0,8.99999959,0,0,0,0,0,2.079999924
0,60.0000021,10.99999883,0,0,28.99999907,0,0,0,0,0,0,0,2.119999886
0,13.00000086,17.00000484,0,0,69.99999429,0,0,0,0,0,0,0,2.480000019
0,13.00000138,15.00000112,0,0,69.99999695,0,2.000000551,0,0,0,0,0,2.49000001
0,13.00000134,13.00000134,0,0,69.9999964,0,4.000000926,0,0,0,0,0,2.480000019
0,13.00000134,11.00000079,0,0,69.9999964,0,6.00000147,0,0,0,0,0,2.480000019
0,13.00000134,8.500001132,0,0,69.9999964,0,8.500001132,0,0,0,0,0,2.480000019
0,13.00000156,6.999999902,0,0,69.99999739,0,10.00000114,0,0,0,0,0,2.480000019
0,13.00000134,5.00000128,0,0,69.99999672,0,12.00000066,0,0,0,0,0,2.480000019
0,13.00000086,0,0,0,69.99999429,0,17.00000484,0,0,0,0,0,2.470000029
0,13.00000251,25.00000041,0,0,61.99999709,0,0,0,0,0,0,0,2.519999981
0,13.00000147,20.00000515,0,0,61.99999201,0,5.000001369,0,0,0,0,0,2.50999999
0,13.00000201,15.00000191,0,0,61.99999465,0,10.00000143,0,0,0,0,0,2.5
0,13.00000168,12.50000257,0,0,61.99999319,0,12.50000257,0,0,0,0,0,2.50999999
0,13.00000201,10.00000143,0,0,61.99999465,0,15.00000191,0,0,0,0,0,2.5
0,13.00000147,5.000001369,0,0,61.99999201,0,20.00000515,0,0,0,0,0,2.5
0,13.00000205,2.499999837,0,0,61.99999518,0,22.50000293,0,0,0,0,0,2.49000001
0,13.00000251,0,0,0,61.99999709,0,25.00000041,0,0,0,0,0,2.480000019
20.02199328,22.22222176,0,0,4.100410395,49.65497434,0,0,2.500250096,0,1.500150127,0,0,2.453999996
0,22.22222176,20.02199328,0,4.100410395,49.65497434,0,0,2.500250096,0,1.500150127,0,0,2.515000105
0,22.22222176,0,0,4.100410395,49.65497434,0,20.02199328,2.500250096,0,1.500150127,0,0,2.427000046
13.00000041,0,11.99999996,0,0,74.99999963,0,0,0,0,0,0,0,2.381000042
14.99999933,0,16.00000396,0,0,68.99999672,0,0,0,0,0,0,0,2.430000067
0,0,16.00000235,0,0,79.99999778,0,3.999999874,0,0,0,0,0,2.39199996
0,0,23.59999831,0,0,72.70000076,0,3.700000926,0,0,0,0,0,2.451999903
0,0,14.50000186,0,0,72.69999623,0,12.8000019,0,0,0,0,0,2.453000069
0,0,14.49999788,0,0,72.70000352,0,3.699998942,0,0,9.099999649,0,0,2.578000069
0,0,14.49999876,0,0,81.80000122,0,3.700000021,0,0,0,0,0,2.411000013
0,0,14.19999852,0,0,71.30000464,0,3.600000193,10.89999664,0,0,0,0,2.519000053
0,9.100000324,14.49999793,0,0,72.70000126,0,3.700000487,0,0,0,0,0,2.477999926
0,0,15.20000147,0,4.800000197,76.19999831,0,3.80000002,0,0,0,0,0,2.407999992
0,0,15.98676956,0,0,80.04410146,0,3.96912898,0,0,0,0,0,2.900000095
0,0,13.00000159,0,0,65.19999533,0,3.300000387,0,18.50000269,0,0,0,2.677000046
0,0,14.69999967,0,0,73.4999973,0,3.700000231,0,0,0,0,8.100002797,2.64199996
0,0,14.19999902,0,0,71.10000084,0,3.600000115,0,0,0,0,11.10000003,2.711999893
14.99999933,0,16.00000396,0,0,68.99999672,0,0,0,0,0,0,0,2.430000067
29.99999429,0,0,0,9.000001531,61.00000418,0,0,0,0,0,0,0,2.394999981
26.99999801,0,2.999999195,0,9.000001084,61.00000171,0,0,0,0,0,0,0,2.407999992
25.99999765,0,3.999999663,0,9.00000107,61.00000162,0,0,0,0,0,0,0,2.414000034
21.00000308,0,9.000000321,0,9.000000321,60.99999628,0,0,0,0,0,0,0,2.430000067
0,0,29.99999429,0,9.000001531,61.00000418,0,0,0,0,0,0,0,2.489000082
0,10,10,0,0,80,0,0,0,0,0,0,0,2.39199996
0,24.99999335,10.00000038,0,0,65.00000626,0,0,0,0,0,0,0,2.295000076
0,33.30000029,9.999998424,0,0,56.70000128,0,0,0,0,0,0,0,2.236000061
0,50,10,0,0,40,0,0,0,0,0,0,0,2.165999889
0,20.00000598,11.99999982,0,0,67.9999942,0,0,0,0,0,0,0,2.394000053
0,12.50000057,12.50000057,0,0,74.99999886,0,0,0,0,0,0,0,2.444000006
0,12.99999832,12.99999832,0,0,74.00000336,0,0,0,0,0,0,0,2.451999903
0,29.99999885,13.99999742,0,0,56.00000373,0,0,0,0,0,0,0,2.388999939
0,15.00000048,15.00000048,0,0,69.99999904,0,0,0,0,0,0,0,2.482000113
0,24.99999208,14.99999892,0,0,60.00000899,0,0,0,0,0,0,0,2.443000078
0,40.0000054,15.00000335,0,0,44.99999125,0,0,0,0,0,0,0,2.329999924
0,20.00000558,15.99999895,0,0,63.99999547,0,0,0,0,0,0,0,2.486999989
0,16.7000011,16.7000011,0,0,66.59999779,0,0,0,0,0,0,0,2.500999928
0,15.00000026,16.99999995,0,0,67.99999979,0,0,0,0,0,0,0,2.500999928
0,12.49999998,17.49999994,0,0,70.00000008,0,0,0,0,0,0,0,2.496999979
0,17.50000079,17.50000079,0,0,64.99999843,0,0,0,0,0,0,0,2.509000063
0,30.00000743,17.50000111,0,0,52.49999145,0,0,0,0,0,0,0,2.46600008
0,10,18,0,0,72,0,0,0,0,0,0,0,2.483999968
0,4.999999434,18.99999416,0,0,76.0000064,0,0,0,0,0,0,0,2.444999933
0,19.00000059,19.00000059,0,0,61.99999882,0,0,0,0,0,0,0,2.522000074
0,20.00000357,20.00000357,0,0,59.99999286,0,0,0,0,0,0,0,2.52699995
0,21.00000061,21.00000061,0,0,57.99999878,0,0,0,0,0,0,0,2.532999992
0,22.50000087,22.50000087,0,0,54.99999826,0,0,0,0,0,0,0,2.539000034
0,22.99999893,22.99999893,0,0,54.00000215,0,0,0,0,0,0,0,2.539999962
0,23.99999644,23.99999644,0,0,52.00000711,0,0,0,0,0,0,0,2.542999983
0,25,25,0,0,50,0,0,0,0,0,0,0,2.54399991
0,27.49999845,27.49999845,0,0,45.00000311,0,0,0,0,0,0,0,2.54399991
0,30.00000374,30.00000374,0,0,39.99999251,0,0,0,0,0,0,0,2.539999962
0,33.3000009,33.3000009,0,0,33.3999982,0,0,0,0,0,0,0,2.523000002
0,10,0,0,0,80,0,10,0,0,0,0,0,2.421999931
0,11.30000067,0,0,0,77.39999865,0,11.30000067,0,0,0,0,0,2.430999994
0,12.50000057,0,0,0,74.99999886,0,12.50000057,0,0,0,0,0,2.459000111
0,15.00000048,0,0,0,69.99999904,0,15.00000048,0,0,0,0,0,2.484999895
0,16.7000011,0,0,0,66.59999779,0,16.7000011,0,0,0,0,0,2.494999886
0,17.1999957,0,0,0,65.6000086,0,17.1999957,0,0,0,0,0,2.496000051
0,17.50000079,0,0,0,64.99999843,0,17.50000079,0,0,0,0,0,2.496999979
0,18.20000093,0,0,0,63.59999815,0,18.20000093,0,0,0,0,0,2.497999907
0,19.00000059,0,0,0,61.99999882,0,19.00000059,0,0,0,0,0,2.500999928
0,21.00000061,0,0,0,57.99999878,0,21.00000061,0,0,0,0,0,2.500999928
0,22.00000214,0,0,0,55.99999572,0,22.00000214,0,0,0,0,0,2.490999937
0,22.50000087,0,0,0,54.99999826,0,22.50000087,0,0,0,0,0,2.49000001
0,22.99999893,0,0,0,54.00000215,0,22.99999893,0,0,0,0,0,2.486999989
0,23.99999644,0,0,0,52.00000711,0,23.99999644,0,0,0,0,0,2.482000113
0,27.49999845,0,0,0,45.00000311,0,27.49999845,0,0,0,0,0,2.467999935
0,15.00000024,0,0,0,56.70000718,0,28.29999258,0,0,0,0,0,2.47300005
0,23.49999801,0,0,0,51.00000133,0,25.50000066,0,0,0,0,0,2.489000082
0,25,0,0,0,50,0,25,0,0,0,0,0,2.480000019
0,30.00000833,0,0,0,46.69999783,0,23.29999384,0,0,0,0,0,2.480000019
0,11.10000047,0,0,0,66.7000018,0,22.19999773,0,0,0,0,0,2.482000113
0,40.0000054,0,0,0,44.99999125,0,15.00000335,0,0,0,0,0,2.302999973
0,3.099999897,0,0,0,77.49999236,0,19.40000774,0,0,0,0,0,2.417000055
0,4.999999434,0,0,0,76.0000064,0,18.99999416,0,0,0,0,0,2.434000015
0,6.200000293,0,0,0,75.00000113,0,18.79999857,0,0,0,0,0,2.440000057
0,9.099999905,0,0,0,72.69999726,0,18.20000283,0,0,0,0,0,2.446000099
0,10,0,0,0,72,0,18,0,0,0,0,0,2.470000029
0,14.30000184,0,0,0,68.59999546,0,17.1000027,0,0,0,0,0,2.493999958
0,15.00000026,0,0,0,67.99999979,0,16.99999995,0,0,0,0,0,2.49000001
0,16.7000011,0,0,0,66.59999779,0,16.7000011,0,0,0,0,0,2.494999886
0,17.49999907,0,0,0,65.99999954,0,16.50000139,0,0,0,0,0,2.493000031
0,18.70000427,0,0,0,65.00000066,0,16.29999508,0,0,0,0,0,2.480000019
0,20.00000558,0,0,0,63.99999547,0,15.99999895,0,0,0,0,0,2.471999884
0,21.49999397,0,0,0,62.80000606,0,15.69999997,0,0,0,0,0,2.467999935
0,23.10000217,0,0,0,61.49999968,0,15.39999815,0,0,0,0,0,2.447000027
0,24.99999208,0,0,0,60.00000899,0,14.99999892,0,0,0,0,0,2.428999901
0,28.60000393,0,0,0,57.09999579,0,14.30000027,0,0,0,0,0,2.388999939
0,29.99999885,0,0,0,56.00000373,0,13.99999742,0,0,0,0,0,2.352999926
0,33.29999492,0,0,0,53.40000723,0,13.29999785,0,0,0,0,0,2.316999912
0,40.80000413,0,0,0,48.99999579,0,10.20000008,0,0,0,0,0,2.213999987
0,50,0,0,0,40,0,10,0,0,0,0,0,2.160000086
0,11.80000148,0,0,0,74.99999749,0,13.20000103,0,0,0,0,0,2.461999893
0,12.99999832,0,0,0,74.00000336,0,12.99999832,0,0,0,0,0,2.45600009
0,13.0999972,0,0,0,73.8000056,0,13.0999972,0,0,0,0,0,2.459000111
0,20.00000357,0,0,0,59.99999286,0,20.00000357,0,0,0,0,0,2.500999928
0,25,0,0,0,50,0,25,0,0,0,0,0,2.480000019
0,30.00000374,0,0,0,39.99999251,0,30.00000374,0,0,0,0,0,2.453999996
0,4.999998845,0,0,0,63.30000766,0,31.69999349,0,0,0,0,0,2.460000038
0,10,0,0,0,60,0,30,0,0,0,0,0,2.474999905
0,16.00000054,0,0,0,55.99999964,0,27.99999982,0,0,0,0,0,2.486000061
0,18.19999675,0,0,0,54.49999837,0,27.30000488,0,0,0,0,0,2.492000103
0,20.00000741,0,0,0,53.29999661,0,26.69999598,0,0,0,0,0,2.492000103
0,21.69999885,0,0,0,52.20000077,0,26.10000038,0,0,0,0,0,2.493000031
0,27.50000831,0,0,0,48.29999365,0,24.19999804,0,0,0,0,0,2.484999895
0,33.30000444,0,0,0,44.49999962,0,22.19999594,0,0,0,0,0,2.464999914
0,39.99998689,0,0,0,40.00000874,0,20.00000437,0,0,0,0,0,2.390000105
0,4.99999955,0,0,0,71.30000291,0,23.69999754,0,0,0,0,0,2.450999975
0,6.700000895,0,0,0,70.00000489,0,23.29999422,0,0,0,0,0,2.461999893
0,14.30000343,0,0,0,64.29999949,0,21.39999707,0,0,0,0,0,2.493999958
0,17.2000012,0,0,0,62.09999948,0,20.69999932,0,0,0,0,0,2.505000114
0,19.00000086,0,0,0,60.79999781,0,20.20000134,0,0,0,0,0,2.503000021
0,20.00000357,0,0,0,59.99999286,0,20.00000357,0,0,0,0,0,2.500999928
0,21.49999709,0,0,0,58.90000324,0,19.59999967,0,0,0,0,0,2.494999886
0,23.799994,0,0,0,57.20000262,0,19.00000338,0,0,0,0,0,2.484999895
0,24.99999996,0,0,0,56.30000244,0,18.6999976,0,0,0,0,0,2.480000019
0,26.70000903,0,0,0,55.0000003,0,18.29999067,0,0,0,0,0,2.469000101
0,30.00000743,0,0,0,52.49999145,0,17.50000111,0,0,0,0,0,2.421999931
0,33.30000542,0,0,0,49.99999129,0,16.70000329,0,0,0,0,0,2.381000042
0,11.80000032,0,0,0,70.59999056,0,17.60000912,0,0,0,0,0,2.484999895
0,12.49999998,0,0,0,70.00000008,0,17.49999994,0,0,0,0,0,2.487999916
0,3.599999744,0,0,0,82.00000266,0,14.39999759,0,0,0,0,0,2.390000105
0,7.000001014,0,0,0,79.09999655,0,13.90000244,0,0,0,0,0,2.428999901
0,9.100002047,0,0,0,77.29999572,0,13.60000223,0,0,0,0,0,2.440999985
0,9.999999776,0,0,0,76.59999887,0,13.40000135,0,0,0,0,0,2.440999985
0,11.10000004,0,0,0,75.60000214,0,13.29999781,0,0,0,0,0,2.460000038
0,15.00000027,0,0,0,72.29999896,0,12.70000077,0,0,0,0,0,2.450999975
0,15.79999873,0,0,0,71.6000017,0,12.59999957,0,0,0,0,0,2.448999882
0,17.69999871,0,0,0,69.9999997,0,12.30000159,0,0,0,0,0,2.430000067
0,20.00000779,0,0,0,68.09999213,0,11.90000009,0,0,0,0,0,2.398000002
0,21.59999737,0,0,0,66.70000123,0,11.7000014,0,0,0,0,0,2.385999918
0,23.49999845,0,0,0,65.10000185,0,11.3999997,0,0,0,0,0,2.361000061
0,24.99999514,0,0,0,63.80000375,0,11.20000111,0,0,0,0,0,2.342999935
0,27.50000501,0,0,0,61.69999471,0,10.80000029,0,0,0,0,0,2.312000036
0,29.99999996,0,0,0,59.60000146,0,10.39999858,0,0,0,0,0,2.279999971
0,33.30000029,0,0,0,56.70000128,0,9.999998424,0,0,0,0,0,2.253000021
0,21.09999939,5.000000043,0,0,73.90000056,0,0,0,0,0,0,0,2.184999943
0,24.99999488,5.000000411,0,0,70.00000471,0,0,0,0,0,0,0,2.164000034
0,28.29999411,4.999999741,0,0,66.70000615,0,0,0,0,0,0,0,2.151000023
0,30.00000007,4.999999262,0,0,65.00000067,0,0,0,0,0,0,0,2.144999981
0,16.70000483,8.299999168,0,0,74.999996,0,0,0,0,0,0,0,2.309999943
0,8.300000654,10.00000063,0,0,81.69999871,0,0,0,0,0,0,0,2.38499999
0,12.50000083,10.00000102,0,0,77.49999814,0,0,0,0,0,0,0,2.388000011
0,15.00000119,10.00000079,0,0,74.99999802,0,0,0,0,0,0,0,2.372999907
0,20.0000033,9.999997569,0,0,69.99999913,0,0,0,0,0,0,0,2.334000111
0,23.30000055,10.00000187,0,0,66.69999758,0,0,0,0,0,0,0,2.309000015
0,27.5000057,10.00000078,0,0,62.49999352,0,0,0,0,0,0,0,2.278000116
0,30.00000094,9.999997192,0,0,60.00000187,0,0,0,0,0,0,0,2.25999999
0,7.999998913,11.99999869,0,0,80.0000024,0,0,0,0,0,0,0,2.411999941
0,15.0000009,12.00000039,0,0,72.99999871,0,0,0,0,0,0,0,2.431999922
0,24.99999777,12.50000212,0,0,62.50000011,0,0,0,0,0,0,0,2.375
0,6.999999469,13.99999737,0,0,79.00000316,0,0,0,0,0,0,0,2.421000004
0,20.99999574,13.99999996,0,0,65.0000043,0,0,0,0,0,0,0,2.447000027
0,0,15.00000143,0,0,84.99999857,0,0,0,0,0,0,0,2.335000038
0,7.50000163,15.00000169,0,0,77.49999668,0,0,0,0,0,0,0,2.440999985
0,10,15,0,0,75,0,0,0,0,0,0,0,2.459000111
0,12.50000006,15.00000144,0,0,72.4999985,0,0,0,0,0,0,0,2.476999998
0,18.30000266,15.00000268,0,0,66.69999467,0,0,0,0,0,0,0,2.476999998
0,18.7000036,14.99999692,0,0,66.29999948,0,0,0,0,0,0,0,2.474999905
0,20.00000483,14.99999754,0,0,64.99999763,0,0,0,0,0,0,0,2.470000029
0,27.50000597,15.00000176,0,0,57.49999227,0,0,0,0,0,0,0,2.426000118
0,30.00000221,14.99999769,0,0,55.0000001,0,0,0,0,0,0,0,2.40899992
0,33.30000542,16.70000329,0,0,49.99999129,0,0,0,0,0,0,0,2.421000004
0,11.99999853,17.99999706,0,0,70.00000441,0,0,0,0,0,0,0,2.5
0,20.00001034,17.99999354,0,0,61.99999612,0,0,0,0,0,0,0,2.512000084
0,0,19.99999436,0,0,80.00000564,0,0,0,0,0,0,0,2.387000084
0,4.999998822,20.00000397,0,0,74.99999721,0,0,0,0,0,0,0,2.453999996
0,10,20,0,0,70,0,0,0,0,0,0,0,2.5
0,13.3000014,20.00000774,0,0,66.69999086,0,0,0,0,0,0,0,2.51699996
0,15.00000021,19.99999719,0,0,65.0000026,0,0,0,0,0,0,0,2.523999929
0,16.70000606,19.99999937,0,0,63.29999458,0,0,0,0,0,0,0,2.528000116
0,17.80000472,19.99999678,0,0,62.1999985,0,0,0,0,0,0,0,2.529000044
0,24.99999199,19.99999633,0,0,55.00001168,0,0,0,0,0,0,0,2.517999887
0,30.00000337,19.99999582,0,0,50.00000081,0,0,0,0,0,0,0,2.494999886
0,39.99998689,20.00000437,0,0,40.00000874,0,0,0,0,0,0,0,2.437000036
0,22.00000214,22.00000214,0,0,55.99999572,0,0,0,0,0,0,0,2.536999941
0,10,22.5,0,0,67.5,0,0,0,0,0,0,0,2.512000084
0,15.00000256,22.49999847,0,0,62.49999897,0,0,0,0,0,0,0,2.532000065
0,20.00001068,22.49999563,0,0,57.4999937,0,0,0,0,0,0,0,2.539999962
0,24.99999619,22.49999706,0,0,52.50000674,0,0,0,0,0,0,0,2.535000086
0,0,25.0000036,0,0,74.9999964,0,0,0,0,0,0,0,2.430999994
0,5.000000109,25.00000116,0,0,69.99999873,0,0,0,0,0,0,0,2.484999895
0,8.300001552,25.0000034,0,0,66.69999504,0,0,0,0,0,0,0,2.510999918
0,10,25,0,0,65,0,0,0,0,0,0,0,2.519999981
0,12.49999974,24.99999313,0,0,62.50000713,0,0,0,0,0,0,0,2.528000116
0,14.99999781,25.00000433,0,0,59.99999786,0,0,0,0,0,0,0,2.539000034
0,16.70000631,24.99999996,0,0,58.29999373,0,0,0,0,0,0,0,2.54399991
0,20.00000741,24.99999601,0,0,54.99999658,0,0,0,0,0,0,0,2.546999931
0,20.80000632,24.99999552,0,0,54.19999817,0,0,0,0,0,0,0,2.546999931
0,27.50000355,25.00000462,0,0,47.49999183,0,0,0,0,0,0,0,2.539000034
0,30.00000328,25.00000045,0,0,44.99999627,0,0,0,0,0,0,0,2.53399992
0,33.29999858,24.99999038,0,0,41.70001104,0,0,0,0,0,0,0,2.523999929
0,37.50000223,24.99999555,0,0,37.50000223,0,0,0,0,0,0,0,2.506999969
0,24.9999916,27.50000541,0,0,47.50000299,0,0,0,0,0,0,0,2.546000004
0,29.99999816,27.4999962,0,0,42.50000563,0,0,0,0,0,0,0,2.539999962
0,16.00000054,27.99999982,0,0,55.99999964,0,0,0,0,0,0,0,2.54399991
0,0,30.00000285,0,0,69.99999715,0,0,0,0,0,0,0,2.473999977
0,10,30,0,0,60,0,0,0,0,0,0,0,2.529999971
0,14.99999795,29.99999886,0,0,55.00000319,0,0,0,0,0,0,0,2.545000076
0,15.49999762,29.99999974,0,0,54.50000265,0,0,0,0,0,0,0,2.542999983
0,20.00000711,30.00000182,0,0,49.99999108,0,0,0,0,0,0,0,2.549000025
0,24.99999624,30.00000942,0,0,44.99999435,0,0,0,0,0,0,0,2.545000076
0,27.50000316,30.00000023,0,0,42.49999661,0,0,0,0,0,0,0,2.542999983
0,33.30000438,29.99999727,0,0,36.69999835,0,0,0,0,0,0,0,2.529999971
0,37.49999958,29.99999966,0,0,32.50000076,0,0,0,0,0,0,0,2.51699996
0,0,33.30000433,0,0,66.69999567,0,0,0,0,0,0,0,2.49000001
0,30.00000378,35.99999762,0,0,33.9999986,0,0,0,0,0,0,0,2.519000053
0,24.99999199,37.4999956,0,0,37.5000124,0,0,0,0,0,0,0,2.523999929
0,13.29999924,39.99999072,0,0,46.70001003,0,0,0,0,0,0,0,2.525000095
0,20.00000391,39.99998827,0,0,40.00000782,0,0,0,0,0,0,0,2.517999887
0,6.000001294,0,0,2.20000058,71.79998901,0,20.00000911,0,0,0,0,0,2.471999884
0,0,0,0,0,80.00000564,0,19.99999436,0,0,0,0,0,2.387000084
25.00001271,19.99999531,5.000000459,0,6.500000191,39.99999061,0,0,0,0,0,0,3.500000727,2.50999999
5.000000459,19.99999531,25.00001271,0,6.500000191,39.99999061,0,0,0,0,0,0,3.500000727,2.569999933
15.00000082,0,0,0,4.000000813,80.99999837,0,0,0,0,0,0,0,2.299000025
15.0000015,0,0,0,6.000000474,78.99999803,0,0,0,0,0,0,0,2.316999912
14.99999864,0,0,0,7.999999633,77.00000173,0,0,0,0,0,0,0,2.334000111
15,0,0,0,10,75,0,0,0,0,0,0,0,2.352999926
15.00000173,0,0,0,12.00000038,72.9999979,0,0,0,0,0,0,0,2.368999958
15.00000048,0,0,0,15.00000048,69.99999904,0,0,0,0,0,0,0,2.368999958
15.00000046,0,0,0,16.00000163,68.99999792,0,0,0,0,0,0,0,2.377000093
14.99999786,0,0,0,18.00000344,66.9999987,0,0,0,0,0,0,0,2.395999908
15.00000123,0,0,0,22.00000606,62.99999271,0,0,0,0,0,0,0,2.41899991
33.00000184,0,0,0,1.999999131,64.99999903,0,0,0,0,0,0,0,2.361000061
30.99999451,0,0,0,4.000000062,65.00000543,0,0,0,0,0,0,0,2.368000031
28.99999968,0,0,0,6.000001095,64.99999923,0,0,0,0,0,0,0,2.371999979
27.00000264,0,0,0,7.999999671,64.99999769,0,0,0,0,0,0,0,2.381000042
25,0,0,0,10,65,0,0,0,0,0,0,0,2.38499999
22.9999981,0,0,0,11.9999989,65.000003,0,0,0,0,0,0,0,2.39199996
21.00000469,0,0,0,14.00000165,64.99999365,0,0,0,0,0,0,0,2.398999929
18.99999752,0,0,0,16.00000308,64.9999994,0,0,0,0,0,0,0,2.392999887
17.50000079,0,0,0,17.50000079,64.99999843,0,0,0,0,0,0,0,2.400000095
17.99999507,0,0,0,16.99999791,65.00000702,0,0,0,0,0,0,0,2.398000002
14.99999754,0,0,0,20.00000483,64.99999763,0,0,0,0,0,0,0,2.423000097
12.99999816,0,0,0,22.00000279,64.99999905,0,0,0,0,0,0,0,2.430000067
20.00000357,0,0,0,20.00000357,59.99999286,0,0,0,0,0,0,0,2.410000086
18.99999561,0,0,0,20.00000456,60.99999984,0,0,0,0,0,0,0,2.414000034
17.00000006,0,0,0,20.00000772,62.99999222,0,0,0,0,0,0,0,2.411000013
13.00000059,0,0,0,20.0000083,66.99999111,0,0,0,0,0,0,0,2.431999922
10.99999797,0,0,0,20.00000411,68.99999792,0,0,0,0,0,0,0,2.407999992
41.34999736,0,0,0,4.360001106,54.29000154,0,0,0,0,0,0,0,2.381000042
44.50999431,0,0,0,15.64999693,39.84000876,0,0,0,0,0,0,0,2.451999903
40.7999928,0,0,0,2.389998939,56.81000826,0,0,0,0,0,0,0,2.355000019
43.70999288,0,0,0,12.80999981,43.48000731,0,0,0,0,0,0,0,2.362999916
47.18999297,0,0,0,6.679999611,46.13000741,0,0,0,0,0,0,0,2.410000086
38.4200031,0,0,0,3.429999667,58.14999724,0,0,0,0,0,0,0,2.362999916
49.7599916,0,0,0,0,50.2400084,0,0,0,0,0,0,0,2.420000076
25.01000661,0,0,0,11.83999945,63.14999395,0,0,0,0,0,0,0,2.349999905
30.55999881,0,0,0,6.850001077,62.59000011,0,0,0,0,0,0,0,2.368999958
31.48999713,0,0,0,11.39999907,57.1100038,0,0,0,0,0,0,0,2.414000034
49.38999169,0,0,0,2.25999966,48.35000865,0,0,0,0,0,0,0,2.375999928
47.63999295,0,0,0,4.190000785,48.17000627,0,0,0,0,0,0,0,2.394999981
19.00999907,0,0,0,27.9199983,49.05000452,0,0,0,4.019998105,0,0,0,2.500999928
17.15999594,0,0,0,24.05999689,54.8300086,0,0,0,3.949998568,0,0,0,2.493000031
16.3299986,0,0,0,23.94000445,55.76999533,0,0,0,3.96000163,0,0,0,2.496999979
15.25999913,0,0,0,21.20999105,59.62000831,0,0,0,3.910001506,0,0,0,2.470999956
14.35143566,0,0,0,20.2020283,61.54614537,0,0,0,3.90039067,0,0,0,2.461999893
16.28000353,0,0,0,17.34999744,62.56999867,0,0,0,3.800000356,0,0,0,2.428999901
12.50000013,0,0,0,20.1799965,63.38000265,0,0,0,3.940000724,0,0,0,2.454999924
14.38143691,0,0,0,18.24181961,63.52635788,0,0,0,3.8503856,0,0,0,2.428999901
15.29153285,0,0,0,17.30173061,63.59635491,0,0,0,3.810381631,0,0,0,2.427000046
13.45865356,0,0,0,19.27807842,63.36365666,0,0,0,3.899611357,0,0,0,2.446000099
13.37999934,0,0,0,18.21999162,64.52000814,0,0,0,3.880000897,0,0,0,2.427000046
12.42875952,0,0,0,19.23807625,64.41355512,0,0,0,3.919609103,0,0,0,2.457000017
11.538846,0,0,0,18.30817623,66.2433678,0,0,0,3.909609969,0,0,0,2.433000088
9.509999066,0,0,0,19.23999742,67.28000241,0,0,0,3.970001102,0,0,0,2.447999954
11.46114852,0,0,0,17.31173107,67.34673227,0,0,0,3.88038814,0,0,0,2.428999901
11.96999804,0,0,0,16.27999867,67.91000352,0,0,0,3.839999779,0,0,0,2.421000004
13.45134332,0,0,0,14.41143952,68.36683908,0,0,0,3.770378076,0,0,0,2.403000116
11.531153,0,0,0,15.3915385,69.24692636,0,0,0,3.830382147,0,0,0,2.404000044
13.36999856,0,0,0,13.46999887,69.4100047,0,0,0,3.749997865,0,0,0,2.392999887
10.52000132,0,0,0,15.41000179,70.21999583,0,0,0,3.85000106,0,0,0,2.407000065
0,15.47392419,0,0,1.451306066,73.43609698,0,7.586826453,0,0,2.051846312,0,0,2.329999924
0,0,16.67000331,0,16.65999717,50.00000222,0,0,16.6699973,0,0,0,0,2.612999916
0,0,14.27999762,0,14.28999849,57.15000643,0,0,14.27999746,0,0,0,0,2.572000027
0,0,12.49999949,0,12.49999949,62.49000184,0,0,12.50999917,0,0,0,0,2.52699995
0,0,11.1100006,0,11.1100006,66.66999959,0,0,11.1099992,0,0,0,0,2.5
0,0,10.00000152,0,10.00000152,69.99999684,0,0,10.00000012,0,0,0,0,2.471999884
0,0,1.689999364,0,1.689999364,53.3799986,0,0,43.24000267,0,0,0,0,2.822999954
0,0,2.260000098,0,2.270000772,54.55999808,0,0,40.91000105,0,0,0,0,2.789999962
0,0,3.439999513,0,3.439999513,56.88000417,0,0,36.23999681,0,0,0,0,2.740999937
0,0,4.629999493,0,4.629999493,59.41000947,0,0,31.32999155,0,0,0,0,2.696000099
